0.5    78.6148    0.558137
0.575    51.143    0.422376
0.65    32.4536    0.240963
0.725    21.6026    0.132498
0.8    15.1053    0.113226
0.875    11.2385    0.063179
0.95    8.58977    0.0425212
1.025    6.86287    0.0232516
1.1    5.58039    0.0180776
1.175    4.66717    0.0172126
1.25    3.96203    0.0130535
1.325    3.40535    0.0121953
1.4    2.97632    0.00866868
1.475    2.62646    0.00711465
1.55    2.34733    0.00614901
1.625    2.10586    0.004717
1.7    1.9081    0.00445041
1.775    1.73876    0.0037488
1.85    1.59328    0.00346673
1.925    1.46884    0.0028633
2    1.36291    0.00257726
