0.5    79.763    0.622255
0.575    51.4626    0.617386
0.65    32.9057    0.310461
0.725    21.72    0.218868
0.8    15.341    0.115722
0.875    11.2116    0.0925396
0.95    8.6315    0.0552817
1.025    6.83267    0.0334091
1.1    5.57888    0.0262911
1.175    4.66145    0.0172408
1.25    3.95226    0.0157252
1.325    3.39874    0.0125921
1.4    2.9781    0.00975566
1.475    2.63254    0.00666415
1.55    2.34708    0.00543692
1.625    2.11407    0.00493693
1.7    1.90783    0.00474062
1.775    1.73673    0.00417266
1.85    1.59512    0.00356233
1.925    1.4718    0.00346913
2    1.36145    0.00341092
