0.5    -0.973683    0.000557768
0.575    -0.945289    0.000488096
0.65    -0.913469    0.000308225
0.725    -0.881226    0.000252345
0.8    -0.84843    0.000268102
0.875    -0.815562    0.000206401
0.95    -0.782641    0.000167749
1.025    -0.751201    0.000148045
1.1    -0.72059    0.000128654
1.175    -0.691625    0.000148699
1.25    -0.664026    0.000141796
1.325    -0.638046    0.000145896
1.4    -0.613361    0.000149403
1.475    -0.590005    0.000171582
1.55    -0.568312    0.000142274
1.625    -0.547904    0.000147938
1.7    -0.528698    0.000168097
1.775    -0.510562    0.000149357
1.85    -0.493391    0.000156236
1.925    -0.477299    0.000144087
2    -0.462179    0.00012914
