0.5    -0.974891    0.000674564
0.575    -0.945781    0.000771887
0.65    -0.913922    0.000508477
0.725    -0.88156    0.000362832
0.8    -0.848486    0.000283025
0.875    -0.815293    0.000290951
0.95    -0.78274    0.000289218
1.025    -0.751002    0.00022765
1.1    -0.720393    0.000199402
1.175    -0.691592    0.000186528
1.25    -0.663958    0.000244526
1.325    -0.637873    0.000260532
1.4    -0.613191    0.000252198
1.475    -0.590165    0.00022592
1.55    -0.568569    0.00018172
1.625    -0.548152    0.000180095
1.7    -0.528843    0.000176386
1.775    -0.510602    0.000168437
1.85    -0.493495    0.000142789
1.925    -0.477449    0.00014254
2    -0.462205    0.000144065
