0.5    0.322318    0.00616072
0.575    0.412404    0.00214036
0.65    0.429707    0.00154794
0.725    0.43112    0.00222136
0.8    0.440254    0.00204114
0.875    0.440119    0.00149483
0.95    0.430501    0.00106062
1.025    0.41485    0.00103538
1.1    0.397308    0.000865704
1.175    0.37829    0.000787269
1.25    0.358296    0.000661971
1.325    0.337834    0.000513251
1.4    0.31827    0.0003963
1.475    0.300213    0.000390483
1.55    0.282511    0.000369394
1.625    0.26599    0.000369444
1.7    0.250406    0.000370214
1.775    0.235718    0.000322373
1.85    0.221966    0.000266979
1.925    0.209273    0.000172663
2    0.197318    0.000160127
