0.5    0.334433    0.00429804
0.575    0.410467    0.00169807
0.65    0.425626    0.00250825
0.725    0.433459    0.00126002
0.8    0.438022    0.00132799
0.875    0.437083    0.00105158
0.95    0.427671    0.000859008
1.025    0.414366    0.000649464
1.1    0.396702    0.000395477
1.175    0.378334    0.000525855
1.25    0.357991    0.000357291
1.325    0.337174    0.000368961
1.4    0.318293    0.000451533
1.475    0.299937    0.000358572
1.55    0.282067    0.000308349
1.625    0.265208    0.000269245
1.7    0.249338    0.000170092
1.775    0.234236    0.000135377
1.85    0.220862    0.000224376
1.925    0.208367    0.000233572
2    0.196868    0.000259319
