0.5    0.873002    0.00929534
0.575    0.731747    0.00797314
0.65    0.551915    0.00682859
0.725    0.401555    0.00501197
0.8    0.292107    0.00518944
0.875    0.216976    0.00321211
0.95    0.167341    0.00259146
1.025    0.13592    0.00271736
1.1    0.111381    0.00231792
1.175    0.0918669    0.00200408
1.25    0.078124    0.00168723
1.325    0.0680749    0.00144312
1.4    0.0592131    0.00125919
1.475    0.052109    0.00113938
1.55    0.046414    0.00114509
1.625    0.0417347    0.00104084
1.7    0.0374606    0.000897701
1.775    0.0343434    0.000887666
1.85    0.031292    0.00086509
1.925    0.0287866    0.000801545
2    0.0268124    0.000694961

