0.5    0.895764    0.00521826
0.575    0.746501    0.00666495
0.65    0.563494    0.00753037
0.725    0.403618    0.00506478
0.8    0.293218    0.00419128
0.875    0.220999    0.00191392
0.95    0.172919    0.00139123
1.025    0.13878    0.00142286
1.1    0.113728    0.00142776
1.175    0.0936858    0.000813139
1.25    0.0795685    0.000773102
1.325    0.0681609    0.000758738
1.4    0.0587421    0.000527593
1.475    0.0519455    0.000598923
1.55    0.0464811    0.000541374
1.625    0.0414205    0.000511866
1.7    0.0376472    0.000564713
1.775    0.0343752    0.000541066
1.85    0.031867    0.0005303
1.925    0.0293924    0.000386171
2    0.0274148    0.000318685
