           1   0.0489548   0.0489548           0
           2   0.0488485   0.0489016 0.000275647
           3   0.0487979   0.0488671  0.00093435
           4   0.0488965   0.0488744  0.00176878
           5   0.0489893   0.0488974  0.00161561
           6   0.0490617   0.0489248  0.00135135
           7   0.0494074   0.0489937   0.0011498
           8   0.0496227   0.0490724  0.00103214
           9   0.0489585   0.0490597  0.00107535
          10    0.048864   0.0490401  0.00113711
          11    0.048585   0.0489988  0.00109001
          12   0.0491703   0.0490131 0.000995143
          13   0.0491106   0.0490206  0.00102119
          14   0.0485363    0.048986 0.000963995
          15   0.0486292   0.0489622 0.000973075
          16   0.0487147   0.0489467  0.00103046
          17   0.0495909   0.0489846  0.00104876
          18   0.0487157   0.0489697 0.000992652
          19   0.0493177    0.048988 0.000966188
          20   0.0493405   0.0490056 0.000919821
          21   0.0493187   0.0490205 0.000888871
          22   0.0492324   0.0490302 0.000924893
          23    0.049339   0.0490436 0.000927635
          24   0.0486956   0.0490291 0.000888144
          25   0.0489868   0.0490274 0.000851911
          26   0.0487623   0.0490172 0.000863935
          27   0.0490523   0.0490185  0.00083302
          28   0.0486273   0.0490045 0.000803553
          29   0.0486074   0.0489908 0.000784868
          30   0.0495008   0.0490078 0.000767767
