           1   -0.410569   -0.410569           0
           2   -0.415408   -0.412988  0.00202325
           3    -0.40859   -0.411522   0.0018849
           4   -0.408973   -0.410885  0.00189494
           5   -0.415439   -0.411796  0.00149247
           6   -0.410989   -0.411661  0.00140176
           7   -0.415257   -0.412175  0.00119076
           8   -0.412393   -0.412202  0.00143757
           9   -0.414084   -0.412411   0.0015964
          10   -0.407393   -0.411909  0.00183623
          11   -0.417283   -0.412398  0.00171405
          12   -0.420174   -0.413046  0.00167678
          13   -0.406667   -0.412555  0.00154552
          14   -0.415463   -0.412763  0.00159213
          15   -0.423297   -0.413465  0.00148267
          16   -0.417981   -0.413747  0.00141738
          17   -0.419602   -0.414092  0.00135999
          18   -0.414138   -0.414094  0.00131327
          19   -0.416365   -0.414214  0.00124924
          20   -0.420831   -0.414545  0.00119236
          21   -0.412847   -0.414464  0.00119205
          22    -0.41678   -0.414569  0.00114106
          23   -0.412269   -0.414469  0.00112805
          24   -0.416473   -0.414553  0.00116701
          25   -0.409831   -0.414364  0.00112242
          26   -0.416289   -0.414438  0.00108443
          27    -0.41211   -0.414352  0.00105412
          28   -0.412061    -0.41427  0.00101638
          29   -0.409961   -0.414121  0.00102416
          30   -0.413401   -0.414097 0.000990895
