           1     1.39373     1.39373           0
           2     1.37565     1.38469   0.0097742
           3     1.35893     1.37611  0.00656543
           4     1.47662     1.40124  0.00625432
           5     1.35073     1.39113    0.004993
           6      1.3183     1.37899  0.00409594
           7     1.36561     1.37708  0.00357784
           8     1.29432     1.36674  0.00329992
           9      1.3537     1.36529  0.00302184
          10     1.38551     1.36731  0.00275903
          11      1.4198     1.37208   0.0025316
          12     1.31402     1.36724  0.00231494
          13     1.35845     1.36657  0.00216641
          14     1.45111     1.37261  0.00208453
          15     1.36148     1.37186  0.00194129
          16     1.35092     1.37056  0.00187608
          17     1.45735     1.37566  0.00202082
          18     1.40125     1.37708  0.00193966
          19     1.42444     1.37957   0.0018364
          20     1.28567     1.37488  0.00176512
          21     1.41221     1.37666  0.00178638
          22     1.42849     1.37901  0.00170565
          23     1.30719     1.37589  0.00165369
          24     1.45953     1.37938   0.0015917
          25     1.50494      1.3844  0.00153446
          26     1.43245     1.38625  0.00149386
          27     1.32762     1.38407  0.00148426
          28     1.39976     1.38463  0.00143758
          29     1.40585     1.38537  0.00138908
          30     1.47582     1.38838  0.00134958
