           1     -5.4629     -5.4629           0
           2    -5.47439    -5.46865  0.00922038
           3    -5.46787    -5.46839  0.00540163
           4    -5.44831    -5.46337  0.00444784
           5    -5.47158    -5.46501  0.00404442
           6    -5.47565    -5.46678  0.00330282
           7    -5.46803    -5.46696  0.00288688
           8    -5.48626    -5.46937  0.00308527
           9     -5.4717    -5.46963  0.00279502
          10    -5.46956    -5.46962  0.00257592
          11    -5.46242    -5.46897  0.00235792
          12    -5.47814    -5.46973  0.00217575
          13    -5.47382    -5.47005  0.00202042
          14    -5.45329    -5.46885  0.00192533
          15    -5.48116    -5.46967  0.00179988
          16    -5.47017     -5.4697   0.0016837
          17    -5.44932     -5.4685  0.00185137
          18    -5.46018    -5.46804  0.00175047
          19    -5.45636    -5.46743  0.00165898
          20    -5.48607    -5.46836  0.00162628
          21    -5.45938    -5.46793  0.00173934
          22    -5.45403     -5.4673  0.00165844
          23    -5.48343      -5.468   0.0015981
          24    -5.45704    -5.46754  0.00154454
          25    -5.44236    -5.46654  0.00156785
          26      -5.455    -5.46609  0.00153976
          27     -5.4704    -5.46625  0.00150621
          28    -5.46584    -5.46624  0.00145524
          29    -5.46309    -5.46613  0.00140451
          30    -5.44605    -5.46546  0.00137677
