           0   0.0128248           0           0
           1   0.0384745           0           0
           2   0.0641241           0           0
           3   0.0897737           0           0
           4    0.115423           0           0
           5    0.141073           0           0
           6    0.166723           0           0
           7    0.192372           0           0
           8    0.218022           0           0
           9    0.243672           0           0
          10    0.269321           0           0
          11    0.294971           0           0
          12     0.32062           0           0
          13     0.34627           0           0
          14     0.37192           0           0
          15    0.397569           0           0
          16    0.423219           0           0
          17    0.448869           0           0
          18    0.474518           0           0
          19    0.500168           0           0
          20    0.525818           0           0
          21    0.551467           0           0
          22    0.577117           0           0
          23    0.602767           0           0
          24    0.628416           0           0
          25    0.654066           0           0
          26    0.679715           0           0
          27    0.705365           0           0
          28    0.731015           0           0
          29    0.756664           0           0
          30    0.782314           0           0
          31    0.807964           0           0
          32    0.833613           0           0
          33    0.859263           0           0
          34    0.884913 0.000687789 0.000375614
          35    0.910562   0.0238183  0.00288801
          36    0.936212     0.16079  0.00508609
          37    0.961861    0.551685   0.0123124
          38    0.987511     1.22575   0.0183634
          39     1.01316     1.82506   0.0220777
          40     1.03881     2.34014   0.0173737
          41     1.06446     2.50363   0.0168086
          42     1.09011      2.5623   0.0210006
          43     1.11576     2.42855   0.0216335
          44     1.14141      2.2385   0.0182782
          45     1.16706     2.02374   0.0169995
          46     1.19271     1.77673   0.0141771
          47     1.21836     1.55539   0.0185829
          48     1.24401     1.40096   0.0116495
          49     1.26966     1.22487   0.0150821
          50     1.29531     1.13372    0.012817
          51     1.32096     1.00174   0.0124498
          52     1.34661    0.920083   0.0123379
          53     1.37226    0.873329  0.00964392
          54     1.39791    0.828621   0.0113784
          55     1.42355     0.77449   0.0103149
          56      1.4492    0.750908  0.00832668
          57     1.47485    0.701741   0.0110976
          58      1.5005    0.670859  0.00871236
          59     1.52615     0.68018  0.00622679
          60      1.5518    0.659298  0.00731478
          61     1.57745    0.669057  0.00660552
          62      1.6031    0.679116  0.00887938
          63     1.62875    0.692073  0.00887048
          64      1.6544    0.705349  0.00859186
          65     1.68005    0.712219  0.00853754
          66      1.7057    0.745819  0.00790321
          67     1.73135    0.777072  0.00776132
          68       1.757    0.808462  0.00826954
          69     1.78265    0.853218  0.00784813
          70      1.8083    0.898092  0.00998087
          71     1.83395    0.936936  0.00963824
          72      1.8596    0.979956  0.00769367
          73     1.88525     1.02005  0.00842391
          74      1.9109     1.06134   0.0104367
          75     1.93655     1.09062  0.00844586
          76      1.9622     1.12889   0.0077124
          77     1.98785     1.15465  0.00756991
          78      2.0135     1.19561   0.0085975
          79     2.03915     1.20596  0.00746381
          80      2.0648      1.2199  0.00919249
          81     2.09045     1.22597  0.00644915
          82      2.1161     1.21075  0.00529121
          83     2.14174     1.19182  0.00649119
          84     2.16739     1.18224  0.00612422
          85     2.19304     1.16012   0.0068388
          86     2.21869     1.13557  0.00604744
          87     2.24434     1.09789  0.00778132
          88     2.26999     1.06117  0.00548367
          89     2.29564      1.0302  0.00669931
          90     2.32129     1.00496  0.00720158
          91     2.34694    0.982686   0.0079231
          92     2.37259    0.958683  0.00614337
          93     2.39824     0.94584   0.0068906
          94     2.42389    0.931643  0.00727802
          95     2.44954    0.915436  0.00698087
          96     2.47519    0.907053  0.00478263
          97     2.50084    0.895633  0.00566177
          98     2.52649    0.891857  0.00623723
          99     2.55214     0.89621  0.00678635
