           0   0.0323165           0           0
           1   0.0969496           0           0
           2    0.161583           0           0
           3    0.226216           0           0
           4    0.290849           0           0
           5    0.355482           0           0
           6    0.420115           0           0
           7    0.484748           0           0
           8    0.549381           0           0
           9    0.614014           0           0
          10    0.678647           0           0
          11     0.74328           0           0
          12    0.807913           0           0
          13    0.872546  0.00103772 0.000190261
          14    0.937179    0.149606  0.00186741
          15     1.00181      1.0633  0.00682048
          16     1.06645      2.0254   0.0111692
          17     1.13108     2.26635   0.0106984
          18     1.19571     2.08325  0.00621433
          19     1.26034      1.8338  0.00750169
          20     1.32498     1.63663  0.00622573
          21     1.38961     1.45799  0.00382422
          22     1.45424     1.33649  0.00406864
          23     1.51888     1.24406  0.00456192
          24     1.58351     1.18803   0.0046884
          25     1.64814     1.14187  0.00410299
          26     1.71278     1.10955   0.0041946
          27     1.77741     1.09083  0.00281902
          28     1.84204     1.07785  0.00354645
          29     1.90667     1.06752  0.00346637
          30     1.97131     1.05976  0.00289144
          31     2.03594     1.05829   0.0035604
          32     2.10057     1.05203  0.00282929
          33     2.16521     1.04712  0.00309761
          34     2.22984      1.0505  0.00249021
          35     2.29447     1.04232   0.0029426
          36     2.35911     1.04149  0.00279166
          37     2.42374     1.03389  0.00300421
          38     2.48837     1.02956  0.00248864
          39     2.55301     1.01797  0.00269824
          40     2.61764     1.01739  0.00232186
          41     2.68227     1.01253  0.00257354
          42      2.7469     1.01064  0.00238263
          43     2.81154      1.0097  0.00185558
          44     2.87617     1.00384  0.00193027
          45      2.9408     1.00352  0.00167843
          46     3.00544    0.998372  0.00191996
          47     3.07007     1.00211   0.0017199
          48      3.1347     0.99954  0.00132357
          49     3.19934     0.99728  0.00165881
          50     3.26397    0.995668  0.00145331
          51      3.3286    0.998257  0.00174364
          52     3.39323    0.995803  0.00169684
          53     3.45787    0.995176  0.00145812
          54      3.5225    0.993294  0.00133902
          55     3.58713    0.992664  0.00153766
          56     3.65177    0.991854  0.00165969
          57      3.7164    0.989004  0.00138828
          58     3.78103    0.989632  0.00149133
          59     3.84567    0.991687  0.00168925
          60      3.9103    0.987873  0.00123098
          61     3.97493    0.990751  0.00131632
          62     4.03957    0.991438  0.00141357
          63      4.1042    0.990221  0.00105516
          64     4.16883    0.986572  0.00148891
          65     4.23346    0.989053  0.00113135
          66      4.2981    0.989941  0.00143611
          67     4.36273    0.988671  0.00121996
          68     4.42736    0.986987  0.00099264
          69       4.492    0.987811  0.00110662
          70     4.55663    0.987098 0.000942101
          71     4.62126    0.989419  0.00127533
          72      4.6859    0.986777  0.00109031
          73     4.75053     0.98652  0.00114048
          74     4.81516    0.987594  0.00121799
          75     4.87979    0.985147   0.0010026
          76     4.94443     0.98821  0.00102186
          77     5.00906    0.985943  0.00138451
          78     5.07369      0.9874  0.00115077
          79     5.13833    0.986588 0.000913668
          80     5.20296    0.985173  0.00126169
          81     5.26759    0.985763  0.00121281
          82     5.33223    0.985795  0.00111997
          83     5.39686    0.986681 0.000857545
          84     5.46149    0.986251 0.000740162
          85     5.52612    0.986833  0.00106922
          86     5.59076    0.985135 0.000895073
          87     5.65539    0.985325 0.000984428
          88     5.72002    0.985116 0.000990023
          89     5.78466    0.984974   0.0010988
          90     5.84929    0.987495 0.000745389
          91     5.91392    0.985952  0.00094396
          92     5.97856    0.985996  0.00106838
          93     6.04319    0.985714 0.000974574
          94     6.10782    0.986335 0.000859258
          95     6.17246    0.983987  0.00072546
          96     6.23709     0.98422  0.00100304
          97     6.30172    0.985802 0.000919951
          98     6.36635    0.984907 0.000767767
          99     6.43099    0.985433 0.000990895
