           0   0.0128248           0           0
           1   0.0384745           0           0
           2   0.0641241           0           0
           3   0.0897737           0           0
           4    0.115423           0           0
           5    0.141073           0           0
           6    0.166723           0           0
           7    0.192372           0           0
           8    0.218022           0           0
           9    0.243672           0           0
          10    0.269321           0           0
          11    0.294971           0           0
          12     0.32062           0           0
          13     0.34627           0           0
          14     0.37192           0           0
          15    0.397569           0           0
          16    0.423219           0           0
          17    0.448869           0           0
          18    0.474518           0           0
          19    0.500168           0           0
          20    0.525818           0           0
          21    0.551467           0           0
          22    0.577117           0           0
          23    0.602767           0           0
          24    0.628416           0           0
          25    0.654066           0           0
          26    0.679715           0           0
          27    0.705365           0           0
          28    0.731015           0           0
          29    0.756664           0           0
          30    0.782314           0           0
          31    0.807964           0           0
          32    0.833613           0           0
          33    0.859263 1.13472e-05 5.55863e-06
          34    0.884913  0.00132361 8.29824e-05
          35    0.910562   0.0247132 0.000348664
          36    0.936212    0.164909 0.000869669
          37    0.961861    0.561842  0.00190279
          38    0.987511     1.19908  0.00308981
          39     1.01316     1.85777  0.00321496
          40     1.03881     2.33631  0.00357892
          41     1.06446     2.55223  0.00264901
          42     1.09011     2.55138   0.0027498
          43     1.11576      2.4081  0.00326741
          44     1.14141     2.20031  0.00242739
          45     1.16706     1.97439  0.00270116
          46     1.19271     1.75415  0.00253852
          47     1.21836     1.56003   0.0027295
          48     1.24401     1.39111  0.00198522
          49     1.26966     1.24769  0.00195541
          50     1.29531     1.12487  0.00193024
          51     1.32096     1.02289   0.0022117
          52     1.34661    0.940717  0.00147925
          53     1.37226    0.874223  0.00163524
          54     1.39791     0.81675   0.0016873
          55     1.42355    0.771095  0.00124088
          56      1.4492    0.738489  0.00142911
          57     1.47485    0.711956  0.00101744
          58      1.5005    0.690413  0.00100756
          59     1.52615    0.678587    0.001239
          60      1.5518    0.671888  0.00112438
          61     1.57745    0.670443  0.00125247
          62      1.6031    0.675194  0.00128572
          63     1.62875    0.686059  0.00134857
          64      1.6544    0.700869  0.00172067
          65     1.68005     0.72169  0.00155606
          66      1.7057    0.749381  0.00151472
          67     1.73135    0.779051  0.00126879
          68       1.757    0.813974  0.00134067
          69     1.78265    0.854126  0.00137806
          70      1.8083    0.894392  0.00114395
          71     1.83395    0.936501  0.00143826
          72      1.8596    0.978427  0.00135364
          73     1.88525     1.01879   0.0012704
          74      1.9109     1.05868  0.00132264
          75     1.93655     1.09452  0.00116762
          76      1.9622     1.12924  0.00146583
          77     1.98785     1.16073  0.00127639
          78      2.0135     1.18562   0.0011976
          79     2.03915       1.204  0.00125808
          80      2.0648     1.21555  0.00119976
          81     2.09045     1.21632  0.00119984
          82      2.1161     1.20932  0.00153668
          83     2.14174     1.19756  0.00133075
          84     2.16739      1.1769  0.00144615
          85     2.19304      1.1512  0.00158237
          86     2.21869     1.12498   0.0013433
          87     2.24434     1.09579  0.00146282
          88     2.26999     1.06689   0.0015322
          89     2.29564     1.03894  0.00123263
          90     2.32129     1.01264 0.000914358
          91     2.34694    0.987625  0.00118694
          92     2.37259    0.965455 0.000987668
          93     2.39824    0.946812  0.00103319
          94     2.42389    0.931037  0.00110998
          95     2.44954     0.91842  0.00108394
          96     2.47519     0.90795  0.00114454
          97     2.50084    0.894503  0.00144962
          98     2.52649    0.885555  0.00134958
          99     2.55214    0.885424  0.00137677
