           0   0.0115332           0           0
           1   0.0345996           0           0
           2   0.0576661           0           0
           3   0.0807325           0           0
           4    0.103799           0           0
           5    0.126865           0           0
           6    0.149932           0           0
           7    0.172998           0           0
           8    0.196065           0           0
           9    0.219131           0           0
          10    0.242198           0           0
          11    0.265264           0           0
          12     0.28833           0           0
          13    0.311397           0           0
          14    0.334463           0           0
          15     0.35753           0           0
          16    0.380596           0           0
          17    0.403663           0           0
          18    0.426729           0           0
          19    0.449795           0           0
          20    0.472862           0           0
          21    0.495928           0           0
          22    0.518995           0           0
          23    0.542061           0           0
          24    0.565128           0           0
          25    0.588194           0           0
          26     0.61126           0           0
          27    0.634327           0           0
          28    0.657393           0           0
          29     0.68046           0           0
          30    0.703526           0           0
          31    0.726593           0           0
          32    0.749659           0           0
          33    0.772725           0           0
          34    0.795792           0           0
          35    0.818858           0           0
          36    0.841925           0           0
          37    0.864991           0           0
          38    0.888058 7.28223e-05  9.8105e-06
          39    0.911124  0.00333317 9.27005e-05
          40     0.93419   0.0463384 0.000366783
          41    0.957257    0.290538  0.00120292
          42    0.980323     1.00201  0.00183102
          43     1.00339     2.23627  0.00152055
          44     1.02646     3.62376  0.00241047
          45     1.04952     4.62048  0.00229634
          46     1.07259     4.90423  0.00210856
          47     1.09566     4.50208  0.00341791
          48     1.11872     3.66246  0.00254362
          49     1.14179     2.69671  0.00208525
          50     1.16485     1.81599   0.0014472
          51     1.18792     1.12811 0.000959626
          52     1.21099    0.650897 0.000881132
          53     1.23405    0.351662 0.000973935
          54     1.25712    0.177845 0.000849871
          55     1.28019   0.0877531  0.00051281
          56     1.30325   0.0483075 0.000468844
          57     1.32632   0.0413143 0.000391898
          58     1.34939   0.0596234 0.000428851
          59     1.37245    0.104737 0.000515777
          60     1.39552    0.181635 0.000534138
          61     1.41859    0.299672 0.000527552
          62     1.44165    0.452077 0.000714507
          63     1.46472    0.628597 0.000693543
          64     1.48778    0.799864 0.000613473
          65     1.51085     0.92618  0.00112691
          66     1.53392    0.971931  0.00124414
          67     1.55698    0.930949  0.00105248
          68     1.58005    0.809618  0.00107922
          69     1.60312    0.641126 0.000649962
          70     1.62618     0.46523 0.000527671
          71     1.64925    0.315128 0.000681614
          72     1.67232    0.217085 0.000580583
          73     1.69538    0.189259 0.000747673
          74     1.71845    0.251953  0.00103512
          75     1.74152    0.430924  0.00117686
          76     1.76458     0.74713  0.00123128
          77     1.78765     1.19679   0.0010508
          78     1.81071     1.72584 0.000599773
          79     1.83378     2.23796  0.00126158
          80     1.85685     2.60395  0.00183334
          81     1.87991     2.71995  0.00215465
          82     1.90298     2.56313   0.0020011
          83     1.92605     2.18414  0.00138122
          84     1.94911     1.68918  0.00115774
          85     1.97218     1.19994 0.000802791
          86     1.99525    0.798349 0.000830423
          87     2.01831    0.539738  0.00113858
          88     2.04138    0.430976  0.00126462
          89     2.06445    0.457879  0.00104028
          90     2.08751     0.58527  0.00080796
          91     2.11058    0.757044 0.000600262
          92     2.13364    0.919572 0.000815699
          93     2.15671     1.01595  0.00103704
          94     2.17978     1.02439  0.00106819
          95     2.20284    0.921513 0.000844773
          96     2.22591    0.780323  0.00052783
          97     2.24898     0.65218 0.000699682
          98     2.27204     0.56953  0.00102302
          99     2.29511    0.569779  0.00117463
