           1     7.55334     7.55334           0
           2     7.54538     7.54936  0.00651613
           3     7.52713     7.54195  0.00405363
           4     7.57878     7.55116  0.00392699
           5     7.61858     7.56464  0.00310905
           6     7.56188     7.56418  0.00254198
           7      7.5382     7.56047  0.00215459
           8     7.53627     7.55745  0.00192737
           9     7.60958     7.56324  0.00177766
          10     7.56388      7.5633  0.00182946
          11     7.55011      7.5621  0.00167395
          12      7.5929     7.56467  0.00155333
          13     7.57552      7.5655  0.00144704
          14     7.63225     7.57027  0.00141214
          15     7.59038     7.57161  0.00134884
          16     7.57617      7.5719  0.00135449
          17     7.56908     7.57173  0.00127834
          18     7.58499     7.57247  0.00120945
          19     7.55027      7.5713  0.00121502
          20     7.55244     7.57036  0.00115845
          21     7.56164     7.56994  0.00111282
          22     7.53513     7.56836  0.00107187
          23     7.58797     7.56921    0.001083
          24     7.55676     7.56869  0.00105664
          25     7.61847     7.57068   0.0010485
          26     7.57809     7.57097  0.00101266
          27     7.66122     7.57431   0.0010553
          28     7.54249     7.57318  0.00103942
          29     7.59552     7.57395  0.00105888
          30     7.57328     7.57392  0.00102302
