           1    -7.55409    -7.55409           0
           2    -7.55504    -7.55457    0.003339
           3    -7.55868    -7.55594  0.00192816
           4    -7.54929    -7.55428  0.00335558
           5    -7.54236    -7.55189  0.00281087
           6    -7.55206    -7.55192  0.00229527
           7    -7.55639    -7.55256  0.00201787
           8    -7.55655    -7.55306  0.00183589
           9    -7.54387    -7.55204  0.00167515
          10    -7.55214    -7.55205  0.00179462
          11    -7.55423    -7.55225  0.00165036
          12    -7.54664    -7.55178   0.0016608
          13    -7.55042    -7.55167  0.00152806
          14    -7.53965    -7.55082  0.00151257
          15    -7.54735    -7.55058  0.00141405
          16    -7.55004    -7.55055  0.00150546
          17    -7.55049    -7.55055  0.00142897
          18    -7.54781    -7.55039  0.00135041
          19    -7.55483    -7.55063  0.00138519
          20    -7.55411     -7.5508  0.00133531
          21    -7.55221    -7.55087  0.00127801
          22    -7.55712    -7.55115  0.00122599
          23    -7.54744    -7.55099  0.00121178
          24    -7.55389    -7.55111  0.00117777
          25    -7.54208    -7.55075  0.00115911
          26    -7.54957    -7.55071  0.00116213
          27    -7.53434     -7.5501  0.00123418
          28    -7.55627    -7.55032  0.00119405
          29    -7.54639    -7.55018  0.00121401
          30    -7.55074     -7.5502  0.00117463
