-0.430721   -0.440864   -0.376316
-0.234966   -0.354762   -0.310029
-0.482861   -0.312289   -0.236105
-0.438517   0.363173   -0.451228
-0.208102   0.409322   -0.470771
-0.0174982   -0.260116   -0.295442
-0.196147   -0.204654   -0.124585
-0.116666   -0.487702   -0.251624
0.170381   0.433052   -0.405381
0.426836   -0.249965   -0.404235
0.117542   -0.362895   -0.41532
0.325253   -0.448345   -0.377551
-0.384516   -0.224274   -0.366203
-0.471909   -0.280811   0.37399
0.295891   0.104813   -0.220249
-0.374994   -0.0952108   -0.148148
-0.194269   -0.132019   -0.414109
0.0291998   -0.0639871   -0.431969
-0.165483   0.0269633   -0.132347
0.0186361   -0.0722378   -0.12181
0.11086   -0.316614   0.362633
0.250209   -0.196371   -0.493548
0.212635   -0.115971   -0.298278
0.326716   -0.270501   -0.246579
0.499768   0.127243   -0.30867
-0.340322   0.22781   0.434754
0.453082   0.209106   0.466658
-0.399386   -0.0323248   0.43039
-0.128063   0.0613446   -0.319736
-7.02892e-05   0.39364   0.435064
-0.039038   0.336232   -0.368299
0.0721503   0.0761557   -0.30202
0.242722   0.131215   -0.442545
0.373813   0.287192   -0.371419
0.140595   0.271196   -0.306154
0.473443   0.24153   -0.117682
0.498324   0.442595   -0.233907
-0.355816   -0.21969   0.0415836
-0.404933   0.376613   -0.0203916
-0.32326   -0.392015   -0.102106
-0.248305   0.389664   -0.172434
-0.0554803   -0.354996   -0.0303841
-0.242358   -0.477168   0.0487806
-0.0278252   0.449814   -0.0245877
0.0831588   0.473555   -0.20701
0.315548   -0.475831   -0.0972688
0.156493   0.371411   -0.0577295
-0.49767   -0.442211   0.266324
0.470938   -0.175556   -0.0630358
0.405477   -0.0619102   -0.26715
-0.467165   -0.0427952   0.0872984
-0.142671   -0.219689   0.0993436
-0.278796   -0.0265645   0.0226871
0.100802   0.1417   -0.11828
-0.0614525   0.0350959   0.161846
0.0678039   -0.177775   0.0469089
0.15819   -0.270332   -0.11351
0.268701   -0.111815   -0.0831155
0.30956   -0.316419   0.0366052
-0.487581   -0.445676   0.0376557
-0.379454   -0.0200403   -0.332278
-0.284898   0.238373   -0.376223
0.440402   0.216839   0.0824362
-0.203987   0.320287   0.0123494
-0.348617   0.135983   -0.133926
-0.0681705   0.284617   -0.177712
-0.149141   0.237965   0.187884
-0.0161412   0.242817   0.014692
0.296067   0.153203   -0.037088
0.30263   0.331708   -0.200096
0.312902   0.453573   0.101377
0.452056   0.0376326   -0.093212
-0.292499   -0.341315   0.260653
0.00336819   -0.204065   0.235158
0.356372   -0.407077   0.417364
-0.097201   -0.39616   0.366958
-0.357686   0.426102   0.185935
-0.0281223   -0.391423   0.152835
-0.298159   -0.373702   0.470558
-0.0921978   0.420038   0.237529
0.0965182   0.399168   0.161887
0.263266   -0.397581   0.229659
-0.068561   -0.465438   -0.452472
0.381121   0.391076   0.458411
0.468945   -0.251601   0.162601
0.486094   -0.0806486   0.275915
0.385154   0.00265535   -0.483607
-0.2396   -0.183906   0.406337
-0.303742   -0.111942   0.229517
-0.0441769   -0.0360605   0.355834
-0.199221   0.0710343   0.499633
-0.0628612   -0.263561   -0.489694
0.124515   -0.425362   0.0254636
0.337789   0.0369073   0.132192
0.180603   -0.109203   0.198635
0.328084   -0.195155   0.323091
-0.365638   0.151201   0.0653517
0.341991   0.298238   0.259712
-0.249131   0.477785   0.337069
-0.463777   0.137613   0.259305
-0.264844   0.0608249   0.308316
0.163826   0.239888   0.337087
-0.144267   0.238366   0.401536
0.0365516   0.125361   0.486994
0.127876   0.0309513   0.0694913
0.203565   0.203476   0.153336
0.209722   0.42411   0.369162
0.266847   0.0370213   0.336165
