0 14.6087 0
1000 14.8077 0.198995
2000 14.928 0.166308
3000 14.762 0.203398
4000 14.7869 0.159506
5000 14.8794 0.15972
6000 14.9882 0.173392
7000 15.034 0.157
8000 14.9919 0.14472
9000 14.9591 0.133554
10000 14.9151 0.128539
11000 14.8585 0.130314
12000 14.8372 0.121745
13000 14.7657 0.133446
14000 14.7498 0.125248
15000 14.7971 0.12633
16000 14.924 0.173758
17000 14.9278 0.163864
18000 14.9157 0.155474
19000 14.8871 0.150229
20000 14.9073 0.144319
21000 14.8831 0.139721
22000 14.9164 0.137605
23000 14.9039 0.13234
24000 14.928 0.129209
25000 14.9007 0.127111
26000 14.8697 0.12619
27000 14.8664 0.121642
28000 14.9181 0.128225
29000 14.9256 0.124106
30000 14.9009 0.122556
31000 14.9091 0.11895
32000 14.918 0.115635
33000 14.9077 0.112657
34000 14.9056 0.10941
35000 14.8941 0.106948
36000 14.8903 0.10409
37000 14.8893 0.101318
38000 14.8908 0.0986967
39000 14.8508 0.10417
40000 14.8716 0.103699
41000 14.8693 0.101225
42000 14.8559 0.0997582
43000 14.8377 0.0991423
44000 14.8268 0.0975275
45000 14.8228 0.095467
46000 14.8173 0.0935719
47000 14.8242 0.091856
48000 14.8182 0.0901596
49000 14.8401 0.0910175
50000 14.8417 0.0892282
51000 14.8568 0.088789
52000 14.8568 0.0870976
53000 14.8245 0.0913899
54000 14.8332 0.0901428
55000 14.8156 0.0902588
56000 14.8396 0.0918383
57000 14.8237 0.0916163
58000 14.8323 0.0904561
59000 14.8175 0.0901622
60000 14.8166 0.0886763
61000 14.8056 0.0879273
62000 14.8074 0.0865395
63000 14.8137 0.0854091
64000 14.8202 0.0843375
65000 14.8134 0.0833313
66000 14.8205 0.0823913
67000 14.8123 0.0815866
68000 14.8234 0.0811533
69000 14.8127 0.0806917
70000 14.8148 0.0795744
71000 14.8161 0.0784719
72000 14.8183 0.0774205
73000 14.8267 0.0768269
74000 14.822 0.0759402
75000 14.8173 0.0750817
76000 14.8254 0.0745456
77000 14.843 0.0756406
78000 14.8448 0.0747004
79000 14.8419 0.0738193
80000 14.8345 0.0732777
81000 14.8309 0.0724647
82000 14.8297 0.0715979
83000 14.8318 0.070772
84000 14.8342 0.0699777
85000 14.8302 0.069279
86000 14.8302 0.0684781
87000 14.8411 0.0685715
88000 14.8372 0.0679133
89000 14.845 0.0676109
90000 14.8407 0.0670012
91000 14.8314 0.0669217
92000 14.8173 0.067679
93000 14.8183 0.0669627
94000 14.8186 0.0662546
95000 14.8288 0.0663551
96000 14.8281 0.0656714
97000 14.8222 0.0652619
98000 14.8259 0.0647053
99000 14.8171 0.0646681
