0 5.08648 0
1000 5.78016 0.693682
2000 5.74152 0.402358
3000 5.70475 0.286875
4000 5.67674 0.223971
5000 5.63242 0.188165
6000 5.60978 0.160632
7000 5.58587 0.141151
8000 5.53343 0.13508
9000 5.514 0.122371
10000 5.5082 0.110841
11000 5.51279 0.101287
12000 5.50451 0.0935383
13000 5.50457 0.0865997
14000 5.4915 0.0816729
15000 5.46957 0.0794826
16000 5.52387 0.092321
17000 5.50292 0.0895269
18000 5.48891 0.0858352
19000 5.48162 0.0817562
20000 5.48222 0.077768
21000 5.47767 0.0742879
22000 5.48016 0.071028
23000 5.47036 0.0687068
24000 5.47972 0.0665627
25000 5.48292 0.0640316
26000 5.4969 0.06318
27000 5.49761 0.0608859
28000 5.48888 0.0593941
29000 5.47405 0.0592652
30000 5.46139 0.0587033
31000 5.4719 0.0578026
32000 5.47151 0.056025
33000 5.47744 0.0546756
34000 5.47218 0.0533509
35000 5.46814 0.0520048
36000 5.47493 0.0510334
37000 5.47562 0.0496771
38000 5.48335 0.0489998
39000 5.47896 0.0479605
40000 5.48341 0.046987
41000 5.47542 0.0465441
42000 5.47117 0.0456476
43000 5.47677 0.0449488
44000 5.47111 0.0443025
45000 5.46315 0.0440533
46000 5.47034 0.0437013
47000 5.46599 0.0430019
48000 5.46681 0.0421232
49000 5.46373 0.0413868
50000 5.45851 0.0409015
51000 5.45613 0.0401779
52000 5.45848 0.0394824
53000 5.46509 0.0393041
54000 5.46813 0.0387029
55000 5.45858 0.0391882
56000 5.45699 0.0385272
57000 5.45804 0.0378716
58000 5.45906 0.0372381
59000 5.46255 0.0367779
60000 5.47134 0.0372234
61000 5.46429 0.0372909
62000 5.45714 0.0373844
63000 5.45619 0.0368078
64000 5.45745 0.036259
65000 5.45326 0.0359512
66000 5.44763 0.0358539
67000 5.44263 0.0356751
68000 5.44265 0.0351543
69000 5.44393 0.0346719
70000 5.44363 0.0341814
71000 5.44502 0.0337318
72000 5.44613 0.0332851
73000 5.45293 0.0335294
74000 5.453 0.0330794
75000 5.45398 0.0326562
76000 5.45454 0.032234
77000 5.44822 0.0324385
78000 5.45361 0.032475
79000 5.44965 0.0323099
80000 5.44836 0.0319344
81000 5.45028 0.0316008
82000 5.44524 0.0316224
83000 5.44361 0.0312863
84000 5.43953 0.0311843
85000 5.44463 0.0312392
86000 5.4459 0.0309041
87000 5.44949 0.0307612
88000 5.44984 0.0304156
89000 5.4481 0.030126
90000 5.44947 0.0298247
91000 5.45193 0.0296011
92000 5.45782 0.0298676
93000 5.46176 0.0298088
94000 5.46845 0.0302423
95000 5.46604 0.0300219
96000 5.46241 0.0299321
97000 5.46497 0.0297353
98000 5.46526 0.0294348
99000 5.46797 0.0292652
