0.496205   -0.443535   0.465707
-0.332845   -0.281914   0.466061
0.496581   -0.286354   -0.368172
-0.320871   -0.448798   -0.375039
-0.17065   -0.432836   0.466618
0.0127294   -0.29023   0.483519
-0.177782   -0.251524   -0.376684
0.0135261   -0.431655   -0.360699
0.18745   -0.412177   0.479057
0.345968   -0.250785   0.444557
0.170714   -0.274428   -0.348532
0.320787   -0.441451   -0.35319
-0.496333   -0.115176   0.467015
-0.321744   0.0684065   0.462418
0.488332   0.0691052   -0.370347
-0.330318   -0.0930036   -0.373536
-0.159303   -0.108253   0.463967
0.0146411   0.0614924   0.449581
-0.161976   0.0525605   -0.368622
-0.00041663   -0.106614   -0.366124
0.1694   -0.11154   0.471596
0.31943   0.0580361   0.468354
0.147487   0.0538809   -0.355962
0.332629   -0.100801   -0.370501
-0.477992   0.219223   0.449256
-0.307383   0.389178   0.457887
-0.493605   0.401322   -0.36675
-0.341218   0.234881   -0.374103
-0.152624   0.220164   0.476715
-0.00317868   0.41521   0.469358
-0.155137   0.383578   -0.368859
0.00304561   0.209944   -0.353777
0.174097   0.220856   0.472988
0.355241   0.381098   0.454826
0.191116   0.408223   -0.389741
0.340582   0.235193   -0.365869
-0.471845   -0.448495   -0.207196
-0.309709   -0.26949   -0.20903
-0.480318   -0.272223   -0.0510352
-0.326579   -0.461027   -0.0360016
-0.158121   -0.460407   -0.213262
0.0124045   -0.274085   -0.20302
-0.159568   -0.289476   -0.0213178
0.0120362   -0.452667   -0.0299464
0.172954   -0.449321   -0.201406
0.343193   -0.287778   -0.180513
0.18437   -0.291825   -0.0363726
0.344237   -0.459767   -0.0459188
-0.487789   -0.104918   -0.207993
-0.341289   0.0722016   -0.19978
-0.48732   0.0812894   -0.0221433
-0.307004   -0.12375   -0.0233503
-0.15746   -0.102311   -0.196305
-0.0113179   0.0546014   -0.185082
-0.143127   0.0469736   -0.0184411
0.0143866   -0.114923   -0.0414353
0.172212   -0.108737   -0.204304
0.346422   0.0530512   -0.200897
0.17886   0.0498801   -0.0337735
0.335477   -0.100052   -0.0450857
-0.49356   0.230082   -0.210422
-0.320713   0.375517   -0.210423
-0.49644   0.394549   -0.0549191
-0.336854   0.261739   -0.031032
-0.161038   0.208284   -0.193726
0.0175294   0.377289   -0.199081
-0.151979   0.393753   -0.0497807
0.0198299   0.218261   -0.0261233
0.179444   0.209092   -0.197652
0.331354   0.392321   -0.198382
0.165079   0.388648   -0.0380918
0.350614   0.218061   -0.0276434
-0.472603   -0.427025   0.111253
-0.313716   -0.285175   0.122104
-0.482102   -0.277316   0.270942
-0.334566   -0.434465   0.310781
-0.146778   -0.455721   0.161624
0.0211439   -0.274943   0.113669
-0.14815   -0.272059   0.30363
0.013267   -0.432251   0.306432
0.183606   -0.441656   0.11387
0.357131   -0.284544   0.101659
0.194487   -0.257114   0.293412
0.332905   -0.43513   0.28548
-0.486065   -0.115172   0.111631
-0.321104   0.0639862   0.125856
-0.474664   0.0514025   0.302667
-0.311943   -0.105055   0.30015
-0.160635   -0.109202   0.142236
0.0122313   0.0534635   0.141359
-0.16494   0.0680434   0.297224
0.0164606   -0.125827   0.300188
0.180221   -0.115087   0.129957
0.354066   0.0500832   0.133055
0.181286   0.0460642   0.307214
0.372684   -0.107493   0.291605
-0.484492   0.224985   0.156673
-0.332078   0.404953   0.151924
0.496819   0.394993   0.295109
-0.318293   0.226632   0.296367
-0.15363   0.255407   0.133232
0.0410784   0.39331   0.144241
-0.149459   0.399405   0.308195
0.00923752   0.237207   0.301946
0.188823   0.21502   0.143663
0.325205   0.397967   0.136514
0.179914   0.40599   0.324025
0.341271   0.206138   0.297518
