0 0.310221 0.00376324
1 -4.4266 2.04725
2 1.53853 2.88764
3 0.408234 2.72708
4 0.366277 2.55513
5 -0.875133 3.05902
6 1.55663 2.40796
7 -2.84862 1.6678
8 2.9729 2.72092
9 0.350548 2.33932
10 6.796 3.38457
11 6.03076 2.83966
12 2.37544 2.02453
13 1.58273 3.03764
14 -0.246332 2.64911
15 -0.1501 2.38171
16 1.74797 2.43716
17 -1.1919 2.01845
18 -0.782097 2.54572
19 -2.19596 2.58189
20 -0.790663 2.41884
21 1.72037 2.24307
22 2.95821 2.60949
23 1.22531 2.0778
24 1.08077 2.37977
25 -3.45708 2.72765
26 2.44726 2.37705
27 -1.32635 2.95974
28 0.874679 2.73615
29 -1.34853 2.01375
30 -3.32836 2.81888
31 2.11043 2.74508
32 4.28443 1.85754
33 1.36025 3.77723
34 -0.635926 1.7567
35 -4.72508 1.79428
36 -2.51648 2.84544
37 -1.88624 2.51793
38 2.49127 2.59439
39 1.17516 2.72316
40 -2.41187 1.96323
41 -2.73313 2.43631
42 2.47313 2.66707
43 1.01202 2.58193
44 -0.627401 2.63116
45 -1.27671 1.90392
46 -0.892564 2.88694
47 6.33393 2.03228
48 -4.22436 2.17262
49 0.840345 2.84709
50 3.13614 2.24045
51 -1.82941 2.6419
52 -2.36879 2.56805
53 0.803637 2.50409
54 -4.34598 2.56194
55 5.07125 2.79468
56 -7.00207 3.04476
57 -0.308086 2.43951
58 2.58702 2.46786
59 -3.53008 2.02214
60 -5.80682 3.10101
61 1.35878 2.20796
62 1.14083 2.63882
63 -0.293053 2.21974
64 -2.44948 2.4863
65 0.277104 3.24031
66 0.976633 3.26584
67 -3.00098 3.03841
68 0.425735 2.57986
69 -2.54194 2.70192
70 1.4381 2.60699
71 -1.02226 2.59258
72 1.73882 3.0354
73 -1.17142 2.60336
74 2.99582 3.41061
75 -1.41777 2.90256
76 1.95723 3.07585
77 -0.897609 2.05737
78 -0.160249 2.26861
79 0.0238818 2.79139
80 6.31657 2.79168
81 -2.19902 1.98988
82 0.813417 2.29782
83 0.801844 2.19566
84 1.25179 2.4822
85 0.281943 3.22878
86 3.30494 2.29336
87 1.82468 2.52198
88 1.2358 3.56417
89 2.20244 2.4741
90 -3.31718 2.4569
91 1.09488 2.60113
92 3.15183 2.31244
93 -2.59488 2.5695
94 -0.296166 1.98171
95 2.80245 2.46506
96 1.49634 3.00591
97 0.889699 1.94253
98 -2.8737 2.31108
99 -1.30129 2.57258
100 3.51256 3.02468
101 -4.3125 2.3307
102 1.70858 2.71406
103 -0.522976 1.92723
104 -1.83727 2.97259
105 1.1887 2.51763
106 1.40393 2.75992
107 1.27265 2.66658
108 -0.376466 3.06235
109 1.71429 3.11122
110 -0.840027 2.46233
111 1.39408 2.00621
112 -5.03152 2.42226
113 3.63008 2.65003
114 0.302611 2.91586
115 -0.596557 2.59631
116 3.8129 2.80952
117 -0.410704 3.09742
118 -5.67459 2.64058
119 1.93246 2.03295
120 2.44441 2.4589
121 -0.826573 2.03846
122 -0.580992 2.35758
123 -1.566 1.88976
124 -0.222897 1.91609
125 -4.74838 2.86493
126 1.6559 2.78759
127 -1.11854 2.6347
128 -0.550837 2.58624
129 -1.77181 3.10804
130 -1.54886 2.28078
131 -2.44718 3.45699
132 0.505229 2.72529
133 -2.68708 2.8645
134 1.17829 3.16599
135 -5.54953 2.37142
136 1.31411 2.92671
137 -3.79346 2.51848
138 3.30426 2.54546
139 -0.596655 2.18398
140 -3.71568 2.03008
141 2.58415 1.63066
142 -1.47243 2.6351
143 2.27559 1.93665
144 -0.859704 2.48288
145 -2.91457 2.29106
146 -1.31996 2.63422
147 0.370932 2.80923
148 1.11071 2.49018
149 0.27463 2.44908
150 2.09144 2.53091
151 3.34115 2.99866
152 -0.966372 2.53455
153 5.05982 3.01661
154 2.26057 2.06866
155 -0.317703 2.25926
156 -3.19646 2.55276
157 2.15668 2.27256
158 -1.84512 2.70194
159 3.71593 2.66095
160 1.05192 3.14103
161 3.42489 2.21011
162 -0.615102 2.20201
163 -2.89514 2.67176
164 -4.76183 2.80843
165 -1.96539 2.65772
166 -3.78135 1.95097
167 -2.95502 2.69381
168 -3.47116 1.88012
169 0.228843 2.40475
170 -1.55524 2.84733
171 4.15387 2.52726
172 -1.12725 2.6667
173 -0.660303 2.93916
174 2.5847 2.23085
175 -3.29246 2.76251
176 3.92948 1.78765
177 -0.28565 2.39332
178 0.933119 2.44832
179 0.841184 1.72039
180 0.116939 2.54386
181 3.47683 2.78761
182 0.710215 2.58594
183 -3.73751 2.79655
184 -9.25151 2.38972
185 0.466402 2.60857
186 -1.05535 1.67617
187 -1.19195 1.90731
188 -0.510345 3.23106
189 0.933358 2.70405
190 -1.1113 2.3518
191 -0.900554 2.34727
192 -2.1658 2.43341
193 2.21067 2.0846
194 1.42316 2.43656
195 4.00851 2.95689
196 -0.986918 2.29057
197 0.102022 3.01436
198 2.26711 1.96492
199 -2.3803 2.72625
200 -3.12182 1.89834
201 0.405555 2.45915
202 -2.66538 2.44183
203 1.09728 1.80058
204 -3.99975 2.35004
205 1.52381 2.50163
206 3.33043 2.27261
207 -3.43093 3.01548
208 1.05372 2.03413
209 -0.327094 2.61093
210 1.45949 3.12534
211 0.552782 2.66094
212 -1.53205 2.99525
213 -4.9457 2.68483
214 -2.91681 3.26971
215 2.35257 2.37385
216 -4.63144 2.04607
217 -3.90469 3.00764
218 6.16213 1.8323
219 1.69527 2.94039
220 -0.900864 2.57038
221 5.448 2.14041
222 0.032498 3.06281
223 1.75322 2.45619
224 -2.40671 3.3258
225 6.05158 2.87469
226 -2.20784 2.15999
227 -5.30421 3.02286
228 -0.747991 3.39791
229 -0.597619 3.75574
230 4.96881 3.0112
231 2.09917 3.17678
232 -1.11498 2.36347
233 -0.142743 2.40138
234 -1.85564 3.12955
235 -0.0513476 2.95912
236 5.39426 3.59319
237 -1.39001 2.90847
238 3.7341 2.166
239 -3.18208 2.90024
240 -1.37607 3.05508
241 2.07593 2.85212
242 -0.925662 2.60134
243 1.29093 2.66185
244 -1.66688 2.68724
245 -1.29312 2.66458
246 -1.17069 2.87637
247 0.780497 2.94579
248 -2.11586 2.5654
249 0.832588 2.6955
250 3.49701 1.96741
251 -0.374126 2.28667
252 -1.58908 2.05698
253 7.36473 2.36681
254 -0.960615 2.85761
255 0.946915 2.39394
256 -3.82226 2.2644
257 -0.819443 2.38788
258 -2.29393 1.43339
259 -0.0932445 1.98064
260 -0.836377 2.14235
261 2.33524 2.94275
262 0.63614 2.56293
263 -3.54448 2.48577
264 7.7674 2.97909
265 -0.510954 2.60452
266 1.77958 2.62572
267 3.54045 3.01125
268 6.02108 2.40801
269 -1.74735 2.03432
270 2.43998 2.31624
271 -1.41938 2.57286
272 6.37942 2.45721
273 0.620158 2.50006
274 1.51248 3.21575
275 -3.88315 2.50254
276 -3.44742 1.95332
277 -4.42799 2.30971
278 2.02118 2.14685
279 3.76537 3.55687
280 -0.282642 3.11244
281 -0.555955 2.48781
282 -0.989444 2.61303
283 -1.97421 2.15514
284 4.71294 1.889
285 -1.29175 2.1932
286 -3.36824 3.21827
287 1.09003 2.94472
288 4.34648 2.93816
289 0.937739 2.59474
290 -3.43848 2.3648
291 2.09599 2.49083
292 0.761623 2.76918
293 -0.280869 2.35536
294 -5.24347 1.90843
295 -2.97359 2.11419
296 3.44619 2.41331
297 0.602204 2.25344
298 -0.30346 3.75864
299 0.316828 0.00410289
