           0   0.0323165           0           0
           1   0.0969496           0           0
           2    0.161583           0           0
           3    0.226216           0           0
           4    0.290849           0           0
           5    0.355482           0           0
           6    0.420115           0           0
           7    0.484748           0           0
           8    0.549381           0           0
           9    0.614014           0           0
          10    0.678647           0           0
          11     0.74328           0           0
          12    0.807913           0           0
          13    0.872546 0.000898024 0.000898024
          14    0.937179    0.139607   0.0184025
          15     1.00181     1.01083   0.0469662
          16     1.06645     1.71756   0.0820345
          17     1.13108     1.91677    0.102092
          18     1.19571     1.80082   0.0595086
          19     1.26034     1.55818   0.0533615
          20     1.32498     1.32446   0.0459233
          21     1.38961     1.13189   0.0387169
          22     1.45424     1.14197   0.0459305
          23     1.51888     1.19816   0.0492718
          24     1.58351     1.05263   0.0516838
          25     1.64814     1.02784   0.0409808
          26     1.71278     1.05222   0.0488696
          27     1.77741     1.05518   0.0381522
          28     1.84204     1.04439   0.0296812
          29     1.90667     1.01072   0.0303354
          30     1.97131    0.999745   0.0265672
          31     2.03594     1.00691   0.0291321
          32     2.10057    0.977839   0.0306883
          33     2.16521    0.951363   0.0302943
          34     2.22984     0.96506   0.0233135
          35     2.29447    0.967238   0.0235948
          36     2.35911    0.949379   0.0302979
          37     2.42374     0.95954   0.0269508
          38     2.48837     0.95416   0.0271523
          39     2.55301    0.958897   0.0300358
          40     2.61764    0.955353    0.030098
          41     2.68227    0.951477   0.0287232
          42      2.7469    0.989871   0.0281086
          43     2.81154     1.01996   0.0259437
          44     2.87617    0.978166   0.0199145
          45      2.9408    0.967068    0.018606
          46     3.00544    0.967167   0.0234049
          47     3.07007    0.982269   0.0236522
          48      3.1347    0.973157   0.0228392
          49     3.19934    0.988274   0.0185231
          50     3.26397      1.0225   0.0288042
          51      3.3286    0.982253   0.0225956
          52     3.39323    0.953528   0.0196148
          53     3.45787    0.950861   0.0179322
          54      3.5225    0.955996   0.0179351
          55     3.58713    0.967147   0.0230285
          56     3.65177    0.956792   0.0197911
          57      3.7164    0.953351   0.0158783
          58     3.78103    0.950558   0.0182968
          59     3.84567    0.966389   0.0114249
          60      3.9103    0.983005   0.0139636
          61     3.97493    0.990389   0.0163878
          62     4.03956    0.986588   0.0143434
          63      4.1042    0.992035   0.0127391
          64     4.16883     0.97719   0.0153624
          65     4.23346    0.991343   0.0158721
          66      4.2981    0.985684   0.0155765
          67     4.36273    0.983564   0.0142444
          68     4.42736     1.00324   0.0121111
          69       4.492     0.94585   0.0101443
          70     4.55663    0.969711   0.0134038
          71     4.62126    0.972093   0.0132723
          72      4.6859    0.962927   0.0130054
          73     4.75053    0.970365   0.0120147
          74     4.81516    0.976961   0.0117694
          75     4.87979     0.96617   0.0153263
          76     4.94443    0.977271   0.0177192
          77     5.00906    0.986027   0.0140698
          78     5.07369     1.01323   0.0124564
          79     5.13833    0.982075   0.0180722
          80     5.20296     1.01909   0.0133278
          81     5.26759     1.01781   0.0123993
          82     5.33223     1.01613   0.0113189
          83     5.39686     1.01287   0.0124275
          84     5.46149     1.00364   0.0147444
          85     5.52612    0.982266  0.00994965
          86     5.59076    0.993336  0.00798544
          87     5.65539     1.01356  0.00659348
          88     5.72002     1.01483  0.00868124
          89     5.78466    0.996215  0.00758127
          90     5.84929    0.988449   0.0104516
          91     5.91392    0.992464   0.0092314
          92     5.97856    0.982247  0.00844779
          93     6.04319     0.97956  0.00985363
          94     6.10782    0.996635   0.0145902
          95     6.17246    0.996741   0.0127394
          96     6.23709     1.01281   0.0128368
          97     6.30172     1.03541   0.0109543
          98     6.36635     1.00641   0.0126362
          99     6.43099     1.00735   0.0119462
