           0   0.0115332           0           0
           1   0.0345996           0           0
           2   0.0576661           0           0
           3   0.0807325           0           0
           4    0.103799           0           0
           5    0.126865           0           0
           6    0.149932           0           0
           7    0.172998           0           0
           8    0.196065           0           0
           9    0.219131           0           0
          10    0.242197           0           0
          11    0.265264           0           0
          12     0.28833           0           0
          13    0.311397           0           0
          14    0.334463           0           0
          15     0.35753           0           0
          16    0.380596           0           0
          17    0.403663           0           0
          18    0.426729           0           0
          19    0.449795           0           0
          20    0.472862           0           0
          21    0.495928           0           0
          22    0.518995           0           0
          23    0.542061           0           0
          24    0.565128           0           0
          25    0.588194           0           0
          26     0.61126           0           0
          27    0.634327           0           0
          28    0.657393           0           0
          29     0.68046           0           0
          30    0.703526           0           0
          31    0.726592           0           0
          32    0.749659           0           0
          33    0.772725           0           0
          34    0.795792           0           0
          35    0.818858           0           0
          36    0.841925           0           0
          37    0.864991           0           0
          38    0.888057           0           0
          39    0.911124  0.00262347 0.000665388
          40     0.93419    0.044254   0.0027107
          41    0.957257    0.274906  0.00570075
          42    0.980323    0.968569   0.0102267
          43     1.00339     2.24309   0.0192258
          44     1.02646      3.6244   0.0198609
          45     1.04952     4.62536   0.0151871
          46     1.07259     4.93932   0.0189767
          47     1.09566     4.51959   0.0269538
          48     1.11872     3.69244   0.0188222
          49     1.14179     2.69165   0.0112055
          50     1.16485     1.81353   0.0127232
          51     1.18792     1.12243  0.00783941
          52     1.21099    0.647216  0.00834353
          53     1.23405    0.337033  0.00391976
          54     1.25712    0.174471  0.00367857
          55     1.28019   0.0868222  0.00299266
          56     1.30325   0.0468463  0.00271579
          57     1.32632   0.0389581  0.00207567
          58     1.34939   0.0562172  0.00333905
          59     1.37245    0.104062  0.00183267
          60     1.39552    0.184004   0.0045491
          61     1.41859    0.298561   0.0050705
          62     1.44165    0.455632  0.00589913
          63     1.46472    0.633126  0.00772824
          64     1.48778    0.802103  0.00616179
          65     1.51085    0.920344  0.00949375
          66     1.53392    0.975132  0.00844072
          67     1.55698    0.922795  0.00834654
          68     1.58005    0.810033   0.0083573
          69     1.60312    0.640168  0.00408186
          70     1.62618    0.469059  0.00526774
          71     1.64925    0.312223  0.00327367
          72     1.67232    0.213903  0.00379656
          73     1.69538    0.185239  0.00488239
          74     1.71845    0.250069  0.00585258
          75     1.74152    0.415549   0.0047143
          76     1.76458    0.735789   0.0068828
          77     1.78765     1.19545  0.00963342
          78     1.81071     1.72761  0.00545736
          79     1.83378     2.24603   0.0112005
          80     1.85685     2.61604   0.0127393
          81     1.87991     2.73214   0.0149296
          82     1.90298     2.59334   0.0138259
          83     1.92605     2.18129  0.00863173
          84     1.94911     1.69045  0.00708246
          85     1.97218     1.19298  0.00703734
          86     1.99525    0.791818  0.00782436
          87     2.01831    0.551549  0.00525562
          88     2.04138    0.430412  0.00540686
          89     2.06445     0.45621  0.00432081
          90     2.08751     0.58526  0.00402019
          91     2.11058    0.758821  0.00439863
          92     2.13364    0.912277  0.00636885
          93     2.15671     1.00222  0.00580067
          94     2.17978     1.00254  0.00550812
          95     2.20284    0.920134  0.00424507
          96     2.22591    0.796866  0.00403191
          97     2.24898    0.646657  0.00310056
          98     2.27204     0.57177  0.00732631
          99     2.29511    0.575798   0.0066803
