0.245299 0.339836
1.4593 0.662331
0.954229 1.14367
1.41006 0.172014
1.31204 1.81097
0.742993 1.67313
1.5521 0.0422752
0.336649 1.14488
0.558466 1.09172
0.0346033 1.16636
0.129286 1.50931
0.466314 0.386586
0.986453 1.51209
0.958276 0.988519
0.515787 0.478536
0.943593 1.16983
1.23362 1.16094
0.167908 0.318518
1.86373 1.5081
1.00372 0.048568
1.37201 0.738701
1.30391 0.427703
1.35676 0.196429
0.24192 1.36027
1.15454 1.68001
0.105522 0.907015
1.53153 1.94053
0.45222 1.98922
1.83771 1.87975
1.62657 0.0358848
1.42685 0.223554
0.267608 0.106959
